0000000000000000000000000000000000000000
0000000000000000000000000000000000000000
0000000000000000000000000000000000000000
0000000000000000000000000010000000000000
0000000000000000000000000010000000000000
0000000000000000000000000010000000000000
0000000000000000000000000100000000000000
0000000000000000000000000100000000010000
0000000000000000000000001100000000010000
0000000000000000000000001000000000010000
0000000000000001111111111000000000000000
0000000000000011000000111100000000010000
0000000000000110000000111110000000010000
0000000000000100000001100011110000000000
0000011111110100000001100001011110010000
0001100000011100000001100001000011000000
0000000001111110000001100001000001010000
0000000011000111111111111110000001000000
0000000010000101100011000000000001010000
0000000010000100110011000000000001010000
0000000011000100001011000000000001000000
0000000001111111111101000000011101010000
0100000000000110001111111111110111010000
0011101010000010000011000100000011010000
0000000000101011100111010101010011011111
0000000000000001100001000000000011010000
0000000000000000110001100000000001010000
0000000000000000011001110000000001010000
0000000000000000001001011110000001110000
0000000000000000000101000011111111110000
0000000000000000000101000000000000110000
0000000000000000000011000000000000110000
0000000000000000000011000000000000010000
0000000000000000000000000000000000010000
0000000000000000000000000000000000010000
0000000000000000000000000000000000000000
0000000000000000000000000000000000000000
0000000000000000000000000000000000000000
0000000000000000000000000000000000000000
0000000000000000000000000000000000000000
